 20.75 26.25 30.00 38.75
 39.50 26.75 30.50 40.00
 57.50 45.00 38.00 42.25
 75.25 45.25 38.75 44.75
 93.50 63.75 70.00 64.00
 111.25 64.25 70.25 69.00
 129.25 85.75 70.25 71.50
 147.75 86.25 70.50 72.25
 167.00 113.25 99.75 104.25
 186.25 113.75 99.75 107.50
 204.00 131.75 104.75 110.25
 221.50 132.25 106.00 111.75
 239.50 150.50 137.25 129.25
 257.25 151.00 137.50 136.25
 274.50 172.50 137.50 142.00
 293.25 172.75 137.50 142.00
 313.25 199.75 167.50 174.25
 332.75 200.25 168.00 177.50
 350.25 218.50 175.00 180.25
 368.00 218.75 176.50 183.00
 385.50 237.00 207.75 193.25
 403.50 237.50 208.25 206.00
 421.50 258.75 208.25 208.75
 440.50 258.75 208.25 208.75
 459.50 286.00 237.25 243.25
 477.75 286.75 237.25 244.75
 495.50 305.00 246.50 247.00
 513.50 305.25 247.00 254.25
 530.75 323.75 279.50 266.00
 548.75 324.25 280.00 272.00
 567.00 345.75 280.25 277.50
 584.75 346.00 280.25 277.75
 604.00 373.00 309.75 316.75
 623.25 373.75 311.00 321.25
 641.25 392.00 319.50 323.25
 659.00 392.25 320.00 326.25
 676.75 410.50 353.25 342.75
 694.50 411.25 354.00 350.00
 712.50 432.25 354.25 350.75
 731.00 432.75 354.50 351.00
 750.00 462.50 386.00 397.25
 770.50 463.25 386.75 399.25
 788.00 481.50 394.25 401.50
 805.75 482.25 395.00 403.75
 823.75 501.00 426.75 413.00
 841.00 501.00 428.00 424.00
 859.25 523.50 428.00 425.00
 878.25 523.75 428.00 425.50
 896.75 553.75 458.50 460.75
 916.50 554.25 459.25 464.00
 934.00 572.75 468.00 466.00
 951.75 573.00 468.75 468.25
 969.25 591.25 499.75 485.75
 987.25 591.50 500.50 496.75
 1005.00 614.00 500.75 497.25
 1022.75 614.25 501.00 498.00
 1042.25 641.75 531.75 538.75
 1061.75 641.75 532.00 540.25
 1079.75 660.50 540.50 541.75
 1097.25 660.75 540.75 547.00
 1115.00 679.50 573.25 561.50
 1133.00 679.75 574.00 567.25
 1151.00 701.75 574.25 569.00
 1170.75 702.25 574.25 569.25
