castiron steel plastic
62800 541697 139790
63185 566785 149840
59100 559051 158879
60559 557011 179047
60754 593333 206558
58474 560082 217353
58292 582844 311386
56120 627586 255562
52917 570233 267283
54190 630040 293547
58148 607919 333689
50625 593965 353735
51542 573136 350699
48699 602199 416896
47587 569908 400627
45865 542684 415210
44750 554012 449425
44283 556435 498234
42025 557561 532355
41091 556378 505768
40604.68 569967.6 542841.1
39645.02 561234.1 560354.9
38704.3 562263.3 582930.6
37720.46 560016.8 602769.7
36812.66 557727.8 612647.7
35622.59 556699.1 626408.8
34603.51 554943.3 633141
33628.54 552562.2 645395.3
32374.41 550840.8 661016.3
