year castiron steel plastic
1984 62800 541697 139790
1985 63185 566785 149840
1986 59100 559051 158879
1987 60559 557011 179047
1988 60754 593333 206558
1989 58474 560082 217353
1990 58292 582844 311386
1991 56120 627586 255562
1992 52917 570233 267283
1993 54190 630040 293547
1994 58148 607919 333689
1995 50625 593965 353735
1996 51542 573136 350699
1997 48699 602199 416896
1998 47587 569908 400627
1999 45865 542684 415210
2000 44750 554012 449425
2001 44283 556435 498234
2002 42025 557561 532355
2003 41091 556378 505768
2004 40604.68 569967.6 542841.1
2005 39645.02 561234.1 560354.9
2006 38704.3 562263.3 582930.6
2007 37720.46 560016.8 602769.7
2008 36812.66 557727.8 612647.7
2009 35622.59 556699.1 626408.8
2010 34603.51 554943.3 633141
2011 33628.54 552562.2 645395.3
2012 32374.41 550840.8 661016.3
