 54.00 60.00 65.00 83.50  59.25 66.25 86.50 123.00  64.75 74.25 124.50 221.25  76.50 111.00 206.25 405.00
 104.25 61.25 66.75 85.75  69.00 73.00 90.25 126.00  75.50 81.00 132.25 233.00  87.25 123.75 218.75 437.50
 153.50 111.25 78.50 93.00  121.75 81.00 96.50 135.25  79.25 85.00 140.50 239.75  95.00 128.25 228.50 457.50
 205.00 114.25 80.00 94.50  134.00 85.75 99.00 140.75  81.00 89.75 142.50 245.25  98.75 132.50 236.00 464.50
 255.75 164.75 137.50 116.50  194.00 149.25 108.75 150.00  149.75 92.75 146.00 250.50  100.25 136.75 239.00 468.75
 307.25 167.50 138.25 119.75  204.25 152.75 111.25 159.25  154.50 99.00 149.25 253.25  102.00 142.00 240.50 473.75
 357.50 216.75 139.00 120.25  261.00 163.00 116.00 164.50  160.50 101.25 152.50 256.50  107.00 145.75 242.50 478.25
 407.75 218.75 139.50 120.25  273.75 165.25 123.75 168.75  164.75 105.75 156.25 258.25  110.75 147.25 246.25 483.00
 462.25 278.50 206.50 202.75  329.75 225.50 198.25 172.75  236.75 177.25 158.25 261.50  188.75 149.50 251.75 484.50
 512.75 281.00 208.25 206.00  338.25 231.00 206.00 179.00  241.00 188.50 159.75 264.75  194.00 150.75 257.00 489.25
 563.00 333.50 215.00 208.75  392.75 240.75 209.75 180.50  247.25 191.50 161.50 268.25  197.25 153.00 258.25 490.75
 614.25 335.50 217.00 211.25  406.00 247.00 215.75 188.00  250.75 199.50 163.50 270.00  199.25 154.00 260.00 494.00
 665.25 384.50 273.00 240.00  470.25 312.50 223.25 189.75  319.75 202.00 165.25 270.75  201.00 157.25 261.25 495.75
 714.75 387.25 274.25 240.75  480.00 314.75 226.75 192.25  326.00 203.75 169.00 272.75  204.75 160.50 262.75 497.75
 765.75 440.75 275.25 246.25  538.75 326.25 231.50 196.00  331.50 206.25 172.50 275.25  207.00 163.25 264.75 499.25
 815.50 442.25 276.25 247.75  546.75 335.50 235.25 200.00  338.00 214.00 173.50 276.00  210.25 165.50 267.25 500.25
 869.50 499.00 340.25 320.00  605.50 402.25 321.25 315.25  404.00 290.75 278.25 279.50  284.75 265.75 268.00 501.50
 920.25 501.00 342.25 325.75  609.75 406.50 330.25 332.50  410.00 298.00 294.00 280.50  294.00 283.00 269.75 502.00
 970.50 551.25 347.50 329.25  672.25 411.25 334.25 335.50  414.50 301.75 297.00 281.75  299.25 294.25 270.75 502.75
 1021.75 551.75 348.25 338.00  673.75 415.25 336.25 346.25  419.25 306.25 302.75 283.75  303.75 298.00 272.00 504.00
 1074.25 602.25 406.50 353.25  734.75 480.00 339.00 348.00  486.00 307.50 308.00 287.00  306.25 302.50 272.75 505.50
 1124.25 604.50 406.75 365.50  737.25 484.50 342.00 353.75  493.00 311.50 313.75 288.50  309.25 304.75 274.00 512.50
 1175.25 656.25 407.50 366.75  796.50 491.50 346.25 357.25  495.75 313.50 315.25 289.50  312.75 308.00 276.50 513.50
 1225.50 658.00 408.00 371.00  800.25 495.75 351.25 368.50  502.25 319.50 319.50 291.25  314.75 310.50 278.50 514.25
 1277.75 715.75 471.75 448.25  862.50 561.25 427.00 373.25  571.25 393.25 322.25 291.50  392.00 315.00 280.25 515.25
 1329.75 716.75 473.25 450.50  868.25 566.75 435.00 380.50  577.00 404.25 324.00 292.50  400.50 319.25 282.00 517.50
 1380.25 766.50 485.00 453.75  930.50 572.00 437.75 383.25  580.25 408.50 328.75 294.50  405.50 320.25 283.25 520.00
 1432.00 768.75 486.25 459.00  933.75 580.00 450.50 386.75  590.00 415.25 331.00 297.50  412.00 323.50 284.75 520.50
 1481.75 819.25 542.75 485.75  998.75 655.00 453.50 392.50  653.25 418.75 334.25 300.25  414.25 326.00 285.50 521.00
 1532.00 821.50 544.00 489.00  1002.50 659.00 454.50 397.00  662.25 421.25 335.25 302.50  414.50 328.00 288.75 522.00
 1584.75 871.75 544.75 491.25  1066.00 660.75 456.75 398.25  669.00 424.00 336.50 304.75  418.75 330.50 291.25 522.75
 1636.00 874.00 545.50 492.00  1067.50 665.00 463.00 399.25  674.25 426.00 338.50 311.50  422.50 333.25 295.00 523.25
 1689.50 934.50 609.25 571.25  1130.00 734.25 548.25 522.50  745.25 504.25 462.25 514.50  500.50 448.75 484.50 524.50
 1740.50 936.25 611.25 576.00  1133.50 740.25 556.50 535.00  751.25 513.00 476.00 526.00  507.00 455.00 508.75 525.50
 1792.50 985.75 617.00 579.00  1193.75 746.25 560.75 540.00  753.50 516.00 483.25 541.75  512.00 459.25 517.75 526.00
 1842.75 989.25 617.75 581.00  1196.25 748.75 567.00 548.50  759.75 518.50 488.50 544.50  513.75 462.50 520.75 526.50
 1894.75 1041.50 672.75 602.50	1259.25 810.50 570.75 553.25  825.50 521.50 492.00 553.75  516.75 465.25 525.25 527.00
 1945.75 1043.50 673.75 613.00	1260.25 817.75 573.25 560.75  830.75 525.25 493.50 557.50  522.00 467.50 528.25 528.25
 1994.50 1093.50 674.25 616.25	1323.75 821.75 581.25 564.75  836.50 528.50 497.00 560.25  523.75 470.50 535.00 529.25
 2044.50 1097.25 674.75 617.25	1326.25 833.00 586.50 567.75  840.50 532.25 498.50 564.25  526.50 474.00 538.25 529.75
 2098.50 1154.75 741.75 702.50	1388.75 896.00 664.00 572.00  905.25 604.00 501.75 567.00  600.75 477.50 540.50 530.75
 2149.75 1156.25 742.50 703.75	1391.00 900.75 671.50 581.75  912.75 616.25 506.25 569.00  612.00 480.00 546.00 531.25
 2200.50 1207.75 750.50 710.00	1452.50 906.75 673.00 584.50  916.00 622.00 507.75 572.75  616.00 482.00 547.50 532.75
 2251.25 1210.25 751.50 715.25	1456.25 912.25 679.00 586.75  920.25 624.75 509.25 575.25  620.25 483.50 548.50 533.75
 2300.75 1259.50 811.25 735.50	1519.75 973.50 684.50 590.00  983.25 631.00 511.00 578.00  624.00 486.75 551.50 534.50
 2350.25 1262.75 812.25 740.00	1525.25 981.00 685.75 593.75  990.00 632.75 513.75 581.25  626.00 490.75 553.00 536.00
 2400.75 1313.75 812.25 742.25	1589.00 990.25 690.25 601.00  996.25 635.00 514.00 585.00  632.00 494.75 554.75 536.25
 2451.00 1316.50 813.00 744.00	1590.00 995.50 692.50 604.75  1001.75 638.50 519.75 587.50  637.00 498.50 556.25 537.25
 2505.50 1377.50 880.75 832.00	1648.75 1061.25 772.75 727.50  1073.75 715.50 626.75 588.75  715.75 606.00 559.75 537.25
 2555.75 1379.50 882.75 834.25	1650.75 1070.50 782.50 734.50  1077.00 722.75 633.25 589.75  723.00 621.75 561.00 538.00
 2608.50 1429.50 893.50 835.75	1714.00 1077.75 789.00 737.00  1081.00 726.50 645.25 591.50  727.50 627.00 563.50 538.50
 2660.00 1432.75 893.75 841.00	1720.50 1083.75 797.00 747.25  1086.00 729.75 653.75 594.25  729.00 631.25 565.00 539.25
 2710.75 1483.25 954.50 862.25	1782.00 1143.25 802.00 751.00  1150.00 735.25 657.25 595.50  733.50 636.00 566.00 540.50
 2761.00 1483.75 955.75 864.75	1783.75 1152.50 805.50 757.75  1158.25 739.00 661.00 597.00  737.00 637.75 566.75 540.75
 2810.25 1534.50 957.00 868.75	1846.75 1156.00 814.75 762.50  1161.00 743.00 662.50 599.25  739.50 642.50 570.50 541.50
 2860.50 1538.00 958.50 872.00	1849.25 1166.25 817.25 770.00  1168.50 750.00 665.25 600.50  742.75 644.00 572.00 542.50
 2913.50 1597.25 1024.25 959.25	 1906.75 1227.25 895.75 776.25  1234.50 826.50 668.25 603.25  819.75 648.00 573.75 543.25
 2965.50 1599.25 1025.00 966.75	 1914.75 1233.00 906.00 780.00  1242.50 835.50 670.25 605.50  826.50 650.25 574.25 544.50
 3017.25 1651.25 1037.50 971.00	 1976.25 1237.25 908.25 785.75  1248.00 840.75 674.50 606.50  829.00 652.75 575.25 545.50
 3067.25 1653.00 1040.25 973.50	 1980.75 1245.25 912.25 791.75  1254.50 843.25 677.75 608.50  834.75 653.25 577.75 546.75
 3117.50 1701.75 1097.75 992.75	 2043.25 1312.25 918.50 796.75  1324.75 845.25 681.25 610.50  839.50 658.75 579.25 548.50
 3167.75 1704.75 1098.75 998.50	 2046.50 1315.25 922.50 801.00  1330.00 848.75 683.50 612.50  842.25 661.00 581.50 550.25
 3217.50 1755.50 1099.00 999.50	 2108.50 1321.00 925.00 803.50  1332.50 851.50 686.50 615.50  846.25 663.00 583.25 551.25
 3267.00 1756.00 1099.75 1001.50  2111.00 1326.75 928.75 808.00	 1336.25 855.75 689.00 617.25  851.00 668.00 586.00 553.50
